1
25
5
50
5
10
3
5
3
5
5
10


-----------------------
2
33
7
65
10
25
5
15
5
10
10
15


-----------------------
3
42
9
85
25
50
15
25
10
30
15
45


-----------------------
4
55
12
111
50
100
25
55
30
45
45
60


-----------------------
5
71
15
144
100
150
55
90
45
70
60
100


-----------------------
6
93
20
187
150
250
90
110
70
95
100
125


-----------------------
7
121
26
243
250
340
110
155
95
115
125
160


-----------------------
8
157
34
316
340
510
155
200
115
165
160
205


-----------------------
9
204
44
411
510
680
200
260
165
210
205
255


-----------------------
10
265
57
534
680
850
260
340
210
305
255
315


-----------------------
11
345
74
706
850
1000
340
490
305
370
315
420


-----------------------
12
448
97
918
1000
1175
490
610
370
495
420
535


-----------------------
13
582
125
1193
1175
1350
610
835
495
625
535
680


-----------------------
14
757
163
1551
1350
1500
835
1000
625
795
680
815


-----------------------
15
984
211
2016
1500
1850
1000
1250
795
915
815
1000


-----------------------
16
1280
275
2620
1850
2100
1250
1400
915
1150
1000
1245


-----------------------
17
1664
357
3406
2100
2325
1400
1615
1150
1345
1245
1515


-----------------------
18
2163
464
4428
2325
2535
1615
1810
1345
1505
1515
1695


-----------------------
19
2811
603
5756
2535
2810
1810
2005
1505
1785
1695
1945


-----------------------
20
3655
784
7483
2810
3005
2005
2325
1785
1995
1945
2350


-----------------------